
%lence drift profile locations;
lon_region1 = [ 0.7632    8.1791   14.5322   21.6440   26.3827   24.2668 17.4635    8.0796    4.0217    0.7632]; 
lat_region1 = [81.0571   82.7292   83.5158   83.5447   82.5843   81.2011 80.8200   79.2105   79.1073   81.0571];
