function h = gebco(m)
%GEBCO  Topography color map
%   GEBCO(M) returns an M-by-3 matrix containing a "gebco" colormap.
%
%   For example, to reset the colormap of the current figure:
%
%             colormap(gebco)
%
%   See also HOT, HSV, GRAY, PINK, COOL, BONE, COPPER, FLAG, 
%   COLORMAP, RGBPLOT.

%   H.G. Arango 2008/05/07

R = [0.07059 0.09020 0.07843 0.10588 0.11765 ...
     0.11373 0.10588 0.10980 0.10588 0.10588 ...
     0.14902 0.19216 0.41176 0.63137 0.76471 ...
     0.88627 0.87451 0.82745 0.74118 0.63922 ...
     0.60000 0.56078 0.52941 0.45882];

G = [0.03922 0.19216 0.35294 0.40784 0.44706 ...
     0.54510 0.64706 0.72157 0.80000 0.84706 ...
     0.87451 0.90196 0.94902 1.00000 0.81961 ...
     0.88235 0.76863 0.69804 0.58824 0.49804 ...
     0.46275 0.43137 0.40784 0.34510];

B = [0.23137 0.43529 0.54902 0.64314 0.70196 ...
     0.76863 0.82353 0.87843 0.92549 0.94510 ...
     0.94510 0.92549 0.91373 0.90196 0.31373 ...
     0.40000 0.36078 0.31765 0.18431 0.18431 ...
     0.16863 0.15294 0.14118 0.11373];

C = [-5000.0 -4000.0 -3000.0 -2500.0 -2000.0 ...
     -1500.0 -1000.0  -500.0  -200.0  -100.0 ...
       -50.0   -25.0   -10.0     0.0    50.0 ...
       100.0   200.0   300.0   400.0   500.0 ...
       600.0   700.0   800.0  1000.0];

       C = C(14:end);       
       R = R(14:end);       
       G = G(14:end);       
       B = B(14:end);       


m=24;

h = [R' G' B'];
