function [BSO CAA DS EC IFS FS BS]=sections_noresm_bipolar;

% Bering Strait
BS=[200 333  0  1
201 333  0  1];

% Barents Sea opening
BSO=[85 368  0 -1
 84 368  0 -1
 83 368  0 -1
 83 367  1  0
 82 367  0 -1
 81 367  0 -1
 81 366  1  0
 80 366  0 -1
 79 366  0 -1
 79 365  1  0
 78 365  0 -1
 77 365  0 -1
 77 364  1  0
 76 364  0 -1
 75 364  0 -1
 75 363  1  0
 74 363  0 -1
 74 362  1  0
 73 362  0 -1
 73 361  1  0
 72 361  0 -1
 72 360  1  0
 71 360  0 -1
 71 359  1  0
 70 359  0 -1];

% Canadian Archipelago
CAA=[227 358 -1  0
227 359 -1  0
204 377 -1  0
203 378  0 -1
202 378  0 -1
201 378  0 -1
200 378  0 -1
200 378 -1  0];

% Denmark Strait
DS=[ 8 370  0  1
  9 370  0  1
 10 370  0  1
 11 370  0  1
 12 370  0  1
 13 369  1  1
 14 369  0  1
 15 369  0  1
 16 369  0  1
 17 369  0  1
 18 368  1  1
 19 368  0  1
 20 368  0  1];

% English Channel
EC=[ 40 325  1  0];

% iceland faroe scotland 
IFS=[ 32 361  1  0
 32 360  1  1
 33 359  1  1
 34 358  1  0
 34 357  1  1
 35 356  1  0
 35 355  1  1
 36 354  1  0
 36 353  1  0
 36 352  1  0
 36 351  1  0
 36 350  1  0
 36 349  1  0
 36 348  1  0
 36 347  1  0
 36 346  1  0
 36 345  1  0
 36 344  1  0];
% fram_strait
FS=[113 378  1  0
112 378  0 -1
111 378  0 -1
110 378  0 -1
109 378  0 -1
109 377  1  0
108 377  0 -1
107 377  0 -1
106 377  0 -1
106 376  1  0
105 376  0 -1
104 376  0 -1
103 376  0 -1
103 375  1  0
102 375  0 -1
101 375  0 -1
101 374  1  0
100 374  0 -1
 99 374  0 -1
 99 373  1  0
 98 373  0 -1
 97 373  0 -1
 97 372  1  0];

