function [BSO CAA DS EC IFS FS BS]=sections_noresm_tripolar;

% Bering Strait
BS=[298 325  0  1
299 325  0  1];

% Barents Sea opening
BSO=[113 352  1  1
114 351  1  1
115 350  1  0
115 349  1  1
116 348  1  1
117 347  1  0
117 346  1  1
118 345  1  1
119 344  1  0
119 343  1  1
120 342  1  1
121 341  1  0
121 340  1  1
122 339  1  0
122 338  1  0];

% Canadian Archipelago
CAA=[324 362  -1 -1
323 363 -1 -1
323 364 -1  0
322 365 -1 -1
322 366 -1  0
315 375 -1 -1
314 376 -1 -1
313 377 -1 -1
312 378 -1 -1
311 379  0 -1
310 380 -1  0
309 381 -1 -1
308 382 -1  0
 56 385  0  1
 57 384  1  1
 58 383  1  1
 59 382  1  0
 60 381  0  1
 61 380  1  1
 62 379  1  1
 63 378  1  0
 76 367  1  0];

% Denmark Strait
DS=[78 323  0  1
 79 323  0  1
 80 323  0  1
 81 323  0  1
 82 323  0  1
 83 323  0  1
 84 323  0  1
 85 323  0  1
 86 322  1  1];

% English Channel
EC=[112 295 0 1];

% iceland faroe scotland 
IFS=[97 319  1  1
 98 319  0  1
 99 318  1  1
100 317  1  1
101 316  1  1
102 315  1  1
104 313  1  0
104 312  1  0
104 311  1  1
105 310  1  0
105 309  1  0
105 308  1  0];

% fram_strait
FS=[94 360  0  1
 95 360  0  1
 96 360  0  1
 97 360  0  1
 98 360  0  1
 99 360  0  1
100 360  0  1
101 359  1  1
102 359  0  1
103 359  0  1
104 359  0  1
105 359  0  1];
