function sigma=sig_micom(th,s)

     a11=9.9985372432159340e-01;
     a12=1.0380621928183473e-02;
     a13=1.7073577195684715e-03;
     a14=-3.6570490496333680e-05;
     a15=-7.3677944503527477e-06;
     a16=-3.5529175999643348e-06;
     b11=1.7083494994335439e-10;
     b12=7.1567921402953455e-13;
     b13=1.2821026080049485e-13;
     a21=1.0;                   
     a22=1.0316374535350838e-02;
     a23=8.9521792365142522e-04;
     a24=-2.8438341552142710e-05;
     a25=-1.1887778959461776e-05;
     a26=-4.0163964812921489e-06;
     b21=1.1995545126831476e-10;
     b22=5.5234008384648383e-13;
     b23=8.4310335919950873e-14;
     pref=2000.e5;

      ap21=a21+b21*pref;
      ap22=a22+b22*pref;
      ap23=a23+b23*pref;
      ap24=a24;
      ap25=a25;
      ap26=a26;
      ap11=a11+b11*pref-ap21;
      ap12=a12+b12*pref-ap22;
      ap13=a13+b13*pref-ap23;
      ap14=a14-ap24;
      ap15=a15-ap25;
      ap16=a16-ap26;
    
    sigma=(ap11+(ap12+ap14*th+ap15*s).*th+(ap13+ap16*s).*s)./(ap21+(ap22+ap24*th+ap25*s).*th+(ap23+ap26*s).*s);
